$ 1 5.0E-6 0.5078419037180082 61 5.0 50
R 144 80 112 80 0 1 6000.0 0.5 0.5 0.0 0.5
a 240 96 320 96 1 5.0 0.0 1000000.0
c 144 80 192 80 0 1.0E-5 -2.010379165730862
w 192 80 240 80 0
w 176 432 176 384 0
w 112 432 176 432 0
w 112 400 112 432 0
w 80 368 112 368 0
a 112 384 176 384 1 5.0 0.0 1000000.0
r 80 304 80 368 0 22000.0
a 240 224 320 224 1 5.0 0.0 1000000.0
r 192 80 192 240 0 4700.0
w 192 240 240 240 0
w 240 112 240 144 0
r 240 144 240 208 0 4700.0
r 240 240 240 304 0 10000.0
t 464 64 496 64 0 1 -3.622109098972011 -0.688182986929522 100.0
t 464 224 496 224 0 1 -1.5168094501393061 0.6881829840923404 100.0
t 464 128 496 128 0 -1 1.377890901027989 -0.688182986929522 100.0
t 464 288 496 288 0 -1 3.483190549860694 0.6881829840923404 100.0
R 496 48 496 16 0 0 40.0 5.0 0.0 0.0 0.5
r 384 96 464 96 0 470.0
w 464 96 496 96 0
w 496 80 496 96 0
w 496 96 496 112 0
w 320 224 320 256 0
r 384 256 464 256 0 470.0
w 464 256 496 256 0
w 496 256 496 240 0
w 496 256 496 272 0
R 496 208 528 208 0 0 40.0 5.0 0.0 0.0 0.5
g 496 144 496 160 0
g 496 304 496 320 0
w 464 288 384 288 0
w 384 288 384 256 0
w 384 256 384 224 0
w 384 224 464 224 0
w 384 96 384 128 0
w 384 128 464 128 0
w 384 96 384 64 0
w 384 64 464 64 0
w 240 208 176 272 0
R 80 304 80 272 0 0 40.0 5.0 0.0 0.0 0.5
r 80 368 80 432 0 22000.0
g 80 432 80 448 0
w 176 272 176 384 0
r 608 96 608 256 0 8.0
w 496 256 608 256 0
w 496 96 608 96 0
r 240 144 320 144 0 10000.0
w 320 144 368 192 0
w 368 192 512 192 0
w 512 192 608 96 0
w 240 304 304 368 0
w 304 368 608 368 0
w 608 368 608 256 0
w 320 96 384 96 0
w 320 256 384 256 0
o 46 1 0 35 5.0 0.4 0 -1
o 0 1 0 35 5.0 3.90625E-4 1 -1

